{
 "cells": [
  {
   "cell_type": "markdown",
   "id": "70dda72a",
   "metadata": {},
   "source": [
    "**EDA on Streaming OULAD**"
   ]
  },
  {
   "cell_type": "code",
   "execution_count": 2,
   "id": "d30f30fa",
   "metadata": {},
   "outputs": [],
   "source": [
    "import pandas as pd, numpy as np, matplotlib.pyplot as plt\n",
    "import seaborn as sns"
   ]
  },
  {
   "cell_type": "code",
   "execution_count": 3,
   "id": "18b24cad",
   "metadata": {},
   "outputs": [],
   "source": [
    "df = pd.read_csv('ouladstr.csv')"
   ]
  },
  {
   "cell_type": "markdown",
   "id": "a318162e",
   "metadata": {},
   "source": [
    "We next merge all data rows correspond to each (student, module, presentation)."
   ]
  },
  {
   "cell_type": "code",
   "execution_count": 4,
   "id": "35ca037d",
   "metadata": {},
   "outputs": [],
   "source": [
    "dfs = df.drop(['dataplus','date','score'], axis=1)\n",
    "student_feats = ['gender','region','highest_education','imd_band','age_band',\n",
    "                 'num_of_prev_attempts','disability','studied_credits','final_result']\n",
    "tag = ['id_student','code_module','code_presentation']\n",
    "X1 = dfs.drop(student_feats,axis=1).groupby(tag).sum()\n",
    "X2y = dfs[tag+student_feats].groupby(tag).mean()\n",
    "dfc = pd.concat([X1,X2y],axis=1)"
   ]
  },
  {
   "cell_type": "markdown",
   "id": "7d24b1b1",
   "metadata": {},
   "source": [
    "We have previously identified features tied to each unique student. Next we identify the interaction features."
   ]
  },
  {
   "cell_type": "code",
   "execution_count": 5,
   "id": "bedcee9a",
   "metadata": {},
   "outputs": [
    {
     "data": {
      "text/plain": [
       "['dualpane',\n",
       " 'externalquiz',\n",
       " 'folder',\n",
       " 'forumng',\n",
       " 'glossary',\n",
       " 'homepage',\n",
       " 'htmlactivity',\n",
       " 'oucollaborate',\n",
       " 'oucontent',\n",
       " 'ouelluminate',\n",
       " 'ouwiki',\n",
       " 'page',\n",
       " 'questionnaire',\n",
       " 'quiz',\n",
       " 'repeatactivity',\n",
       " 'resource',\n",
       " 'sharedsubpage',\n",
       " 'subpage',\n",
       " 'url']"
      ]
     },
     "execution_count": 5,
     "metadata": {},
     "output_type": "execute_result"
    }
   ],
   "source": [
    "interact_feats = list(df.columns[13:-2])\n",
    "interact_feats"
   ]
  },
  {
   "cell_type": "markdown",
   "id": "55747b5e",
   "metadata": {},
   "source": [
    "**Correlations**\n",
    "\n",
    "We next look at correlations between the interaction features, and then between the student features, and then between both sets of these."
   ]
  },
  {
   "cell_type": "code",
   "execution_count": 6,
   "id": "b42ef759",
   "metadata": {},
   "outputs": [
    {
     "data": {
      "text/html": [
       "<div>\n",
       "<style scoped>\n",
       "    .dataframe tbody tr th:only-of-type {\n",
       "        vertical-align: middle;\n",
       "    }\n",
       "\n",
       "    .dataframe tbody tr th {\n",
       "        vertical-align: top;\n",
       "    }\n",
       "\n",
       "    .dataframe thead th {\n",
       "        text-align: right;\n",
       "    }\n",
       "</style>\n",
       "<table border=\"1\" class=\"dataframe\">\n",
       "  <thead>\n",
       "    <tr style=\"text-align: right;\">\n",
       "      <th></th>\n",
       "      <th>dualpane</th>\n",
       "      <th>externalquiz</th>\n",
       "      <th>folder</th>\n",
       "      <th>forumng</th>\n",
       "      <th>glossary</th>\n",
       "      <th>homepage</th>\n",
       "      <th>htmlactivity</th>\n",
       "      <th>oucollaborate</th>\n",
       "      <th>oucontent</th>\n",
       "      <th>ouelluminate</th>\n",
       "      <th>ouwiki</th>\n",
       "      <th>page</th>\n",
       "      <th>questionnaire</th>\n",
       "      <th>quiz</th>\n",
       "      <th>repeatactivity</th>\n",
       "      <th>resource</th>\n",
       "      <th>sharedsubpage</th>\n",
       "      <th>subpage</th>\n",
       "      <th>url</th>\n",
       "    </tr>\n",
       "  </thead>\n",
       "  <tbody>\n",
       "    <tr>\n",
       "      <th>dualpane</th>\n",
       "      <td>1.000000</td>\n",
       "      <td>-0.063711</td>\n",
       "      <td>0.277795</td>\n",
       "      <td>0.166344</td>\n",
       "      <td>-0.007104</td>\n",
       "      <td>0.309164</td>\n",
       "      <td>0.010325</td>\n",
       "      <td>0.021025</td>\n",
       "      <td>0.518772</td>\n",
       "      <td>0.245939</td>\n",
       "      <td>0.194453</td>\n",
       "      <td>0.523307</td>\n",
       "      <td>0.559241</td>\n",
       "      <td>0.268406</td>\n",
       "      <td>0.054947</td>\n",
       "      <td>0.058421</td>\n",
       "      <td>-0.014368</td>\n",
       "      <td>0.370600</td>\n",
       "      <td>0.230289</td>\n",
       "    </tr>\n",
       "    <tr>\n",
       "      <th>externalquiz</th>\n",
       "      <td>-0.063711</td>\n",
       "      <td>1.000000</td>\n",
       "      <td>-0.054807</td>\n",
       "      <td>0.117913</td>\n",
       "      <td>0.143077</td>\n",
       "      <td>0.244016</td>\n",
       "      <td>-0.055072</td>\n",
       "      <td>0.301327</td>\n",
       "      <td>-0.067700</td>\n",
       "      <td>0.201289</td>\n",
       "      <td>0.213265</td>\n",
       "      <td>-0.068145</td>\n",
       "      <td>-0.078164</td>\n",
       "      <td>-0.129782</td>\n",
       "      <td>-0.002530</td>\n",
       "      <td>0.209209</td>\n",
       "      <td>-0.014564</td>\n",
       "      <td>0.402280</td>\n",
       "      <td>0.352577</td>\n",
       "    </tr>\n",
       "    <tr>\n",
       "      <th>folder</th>\n",
       "      <td>0.277795</td>\n",
       "      <td>-0.054807</td>\n",
       "      <td>1.000000</td>\n",
       "      <td>0.084475</td>\n",
       "      <td>-0.006715</td>\n",
       "      <td>0.195242</td>\n",
       "      <td>-0.046738</td>\n",
       "      <td>0.050770</td>\n",
       "      <td>0.351322</td>\n",
       "      <td>-0.036176</td>\n",
       "      <td>0.008953</td>\n",
       "      <td>0.393498</td>\n",
       "      <td>0.300689</td>\n",
       "      <td>0.314380</td>\n",
       "      <td>0.005149</td>\n",
       "      <td>0.043170</td>\n",
       "      <td>-0.012360</td>\n",
       "      <td>0.308735</td>\n",
       "      <td>0.095774</td>\n",
       "    </tr>\n",
       "    <tr>\n",
       "      <th>forumng</th>\n",
       "      <td>0.166344</td>\n",
       "      <td>0.117913</td>\n",
       "      <td>0.084475</td>\n",
       "      <td>1.000000</td>\n",
       "      <td>0.053276</td>\n",
       "      <td>0.737192</td>\n",
       "      <td>0.083147</td>\n",
       "      <td>0.207212</td>\n",
       "      <td>0.261656</td>\n",
       "      <td>0.116459</td>\n",
       "      <td>0.214977</td>\n",
       "      <td>0.183242</td>\n",
       "      <td>0.206056</td>\n",
       "      <td>0.189367</td>\n",
       "      <td>0.011006</td>\n",
       "      <td>0.177076</td>\n",
       "      <td>0.098426</td>\n",
       "      <td>0.375550</td>\n",
       "      <td>0.404031</td>\n",
       "    </tr>\n",
       "    <tr>\n",
       "      <th>glossary</th>\n",
       "      <td>-0.007104</td>\n",
       "      <td>0.143077</td>\n",
       "      <td>-0.006715</td>\n",
       "      <td>0.053276</td>\n",
       "      <td>1.000000</td>\n",
       "      <td>0.091269</td>\n",
       "      <td>-0.011669</td>\n",
       "      <td>0.090139</td>\n",
       "      <td>-0.002620</td>\n",
       "      <td>0.023932</td>\n",
       "      <td>0.049369</td>\n",
       "      <td>-0.011327</td>\n",
       "      <td>-0.003930</td>\n",
       "      <td>-0.027192</td>\n",
       "      <td>-0.000363</td>\n",
       "      <td>0.078753</td>\n",
       "      <td>0.000154</td>\n",
       "      <td>0.151127</td>\n",
       "      <td>0.132092</td>\n",
       "    </tr>\n",
       "    <tr>\n",
       "      <th>homepage</th>\n",
       "      <td>0.309164</td>\n",
       "      <td>0.244016</td>\n",
       "      <td>0.195242</td>\n",
       "      <td>0.737192</td>\n",
       "      <td>0.091269</td>\n",
       "      <td>1.000000</td>\n",
       "      <td>0.171484</td>\n",
       "      <td>0.287351</td>\n",
       "      <td>0.555706</td>\n",
       "      <td>0.229211</td>\n",
       "      <td>0.322141</td>\n",
       "      <td>0.381133</td>\n",
       "      <td>0.412228</td>\n",
       "      <td>0.401823</td>\n",
       "      <td>0.019653</td>\n",
       "      <td>0.292268</td>\n",
       "      <td>0.044241</td>\n",
       "      <td>0.682273</td>\n",
       "      <td>0.610523</td>\n",
       "    </tr>\n",
       "    <tr>\n",
       "      <th>htmlactivity</th>\n",
       "      <td>0.010325</td>\n",
       "      <td>-0.055072</td>\n",
       "      <td>-0.046738</td>\n",
       "      <td>0.083147</td>\n",
       "      <td>-0.011669</td>\n",
       "      <td>0.171484</td>\n",
       "      <td>1.000000</td>\n",
       "      <td>0.095456</td>\n",
       "      <td>0.309361</td>\n",
       "      <td>-0.036351</td>\n",
       "      <td>0.008305</td>\n",
       "      <td>0.144624</td>\n",
       "      <td>0.304222</td>\n",
       "      <td>0.221409</td>\n",
       "      <td>-0.000608</td>\n",
       "      <td>0.008098</td>\n",
       "      <td>-0.012420</td>\n",
       "      <td>0.254995</td>\n",
       "      <td>0.090751</td>\n",
       "    </tr>\n",
       "    <tr>\n",
       "      <th>oucollaborate</th>\n",
       "      <td>0.021025</td>\n",
       "      <td>0.301327</td>\n",
       "      <td>0.050770</td>\n",
       "      <td>0.207212</td>\n",
       "      <td>0.090139</td>\n",
       "      <td>0.287351</td>\n",
       "      <td>0.095456</td>\n",
       "      <td>1.000000</td>\n",
       "      <td>0.141171</td>\n",
       "      <td>-0.056081</td>\n",
       "      <td>0.105488</td>\n",
       "      <td>0.044707</td>\n",
       "      <td>0.092693</td>\n",
       "      <td>0.078818</td>\n",
       "      <td>0.003927</td>\n",
       "      <td>0.203773</td>\n",
       "      <td>-0.014846</td>\n",
       "      <td>0.323239</td>\n",
       "      <td>0.193159</td>\n",
       "    </tr>\n",
       "    <tr>\n",
       "      <th>oucontent</th>\n",
       "      <td>0.518772</td>\n",
       "      <td>-0.067700</td>\n",
       "      <td>0.351322</td>\n",
       "      <td>0.261656</td>\n",
       "      <td>-0.002620</td>\n",
       "      <td>0.555706</td>\n",
       "      <td>0.309361</td>\n",
       "      <td>0.141171</td>\n",
       "      <td>1.000000</td>\n",
       "      <td>0.194942</td>\n",
       "      <td>0.266158</td>\n",
       "      <td>0.628585</td>\n",
       "      <td>0.714356</td>\n",
       "      <td>0.482083</td>\n",
       "      <td>0.015520</td>\n",
       "      <td>0.129610</td>\n",
       "      <td>-0.030819</td>\n",
       "      <td>0.605069</td>\n",
       "      <td>0.352727</td>\n",
       "    </tr>\n",
       "    <tr>\n",
       "      <th>ouelluminate</th>\n",
       "      <td>0.245939</td>\n",
       "      <td>0.201289</td>\n",
       "      <td>-0.036176</td>\n",
       "      <td>0.116459</td>\n",
       "      <td>0.023932</td>\n",
       "      <td>0.229211</td>\n",
       "      <td>-0.036351</td>\n",
       "      <td>-0.056081</td>\n",
       "      <td>0.194942</td>\n",
       "      <td>1.000000</td>\n",
       "      <td>0.097864</td>\n",
       "      <td>0.272032</td>\n",
       "      <td>0.219865</td>\n",
       "      <td>0.119613</td>\n",
       "      <td>-0.001670</td>\n",
       "      <td>0.087434</td>\n",
       "      <td>-0.001436</td>\n",
       "      <td>0.309847</td>\n",
       "      <td>0.264952</td>\n",
       "    </tr>\n",
       "    <tr>\n",
       "      <th>ouwiki</th>\n",
       "      <td>0.194453</td>\n",
       "      <td>0.213265</td>\n",
       "      <td>0.008953</td>\n",
       "      <td>0.214977</td>\n",
       "      <td>0.049369</td>\n",
       "      <td>0.322141</td>\n",
       "      <td>0.008305</td>\n",
       "      <td>0.105488</td>\n",
       "      <td>0.266158</td>\n",
       "      <td>0.097864</td>\n",
       "      <td>1.000000</td>\n",
       "      <td>0.070381</td>\n",
       "      <td>0.066764</td>\n",
       "      <td>0.001544</td>\n",
       "      <td>-0.000076</td>\n",
       "      <td>0.083548</td>\n",
       "      <td>-0.019566</td>\n",
       "      <td>0.222071</td>\n",
       "      <td>0.435520</td>\n",
       "    </tr>\n",
       "    <tr>\n",
       "      <th>page</th>\n",
       "      <td>0.523307</td>\n",
       "      <td>-0.068145</td>\n",
       "      <td>0.393498</td>\n",
       "      <td>0.183242</td>\n",
       "      <td>-0.011327</td>\n",
       "      <td>0.381133</td>\n",
       "      <td>0.144624</td>\n",
       "      <td>0.044707</td>\n",
       "      <td>0.628585</td>\n",
       "      <td>0.272032</td>\n",
       "      <td>0.070381</td>\n",
       "      <td>1.000000</td>\n",
       "      <td>0.654321</td>\n",
       "      <td>0.440925</td>\n",
       "      <td>0.028869</td>\n",
       "      <td>0.094045</td>\n",
       "      <td>-0.021581</td>\n",
       "      <td>0.546357</td>\n",
       "      <td>0.248512</td>\n",
       "    </tr>\n",
       "    <tr>\n",
       "      <th>questionnaire</th>\n",
       "      <td>0.559241</td>\n",
       "      <td>-0.078164</td>\n",
       "      <td>0.300689</td>\n",
       "      <td>0.206056</td>\n",
       "      <td>-0.003930</td>\n",
       "      <td>0.412228</td>\n",
       "      <td>0.304222</td>\n",
       "      <td>0.092693</td>\n",
       "      <td>0.714356</td>\n",
       "      <td>0.219865</td>\n",
       "      <td>0.066764</td>\n",
       "      <td>0.654321</td>\n",
       "      <td>1.000000</td>\n",
       "      <td>0.400661</td>\n",
       "      <td>0.008867</td>\n",
       "      <td>0.076483</td>\n",
       "      <td>-0.017627</td>\n",
       "      <td>0.516111</td>\n",
       "      <td>0.237082</td>\n",
       "    </tr>\n",
       "    <tr>\n",
       "      <th>quiz</th>\n",
       "      <td>0.268406</td>\n",
       "      <td>-0.129782</td>\n",
       "      <td>0.314380</td>\n",
       "      <td>0.189367</td>\n",
       "      <td>-0.027192</td>\n",
       "      <td>0.401823</td>\n",
       "      <td>0.221409</td>\n",
       "      <td>0.078818</td>\n",
       "      <td>0.482083</td>\n",
       "      <td>0.119613</td>\n",
       "      <td>0.001544</td>\n",
       "      <td>0.440925</td>\n",
       "      <td>0.400661</td>\n",
       "      <td>1.000000</td>\n",
       "      <td>0.030992</td>\n",
       "      <td>0.173953</td>\n",
       "      <td>-0.016335</td>\n",
       "      <td>0.469019</td>\n",
       "      <td>0.131825</td>\n",
       "    </tr>\n",
       "    <tr>\n",
       "      <th>repeatactivity</th>\n",
       "      <td>0.054947</td>\n",
       "      <td>-0.002530</td>\n",
       "      <td>0.005149</td>\n",
       "      <td>0.011006</td>\n",
       "      <td>-0.000363</td>\n",
       "      <td>0.019653</td>\n",
       "      <td>-0.000608</td>\n",
       "      <td>0.003927</td>\n",
       "      <td>0.015520</td>\n",
       "      <td>-0.001670</td>\n",
       "      <td>-0.000076</td>\n",
       "      <td>0.028869</td>\n",
       "      <td>0.008867</td>\n",
       "      <td>0.030992</td>\n",
       "      <td>1.000000</td>\n",
       "      <td>0.002046</td>\n",
       "      <td>-0.000571</td>\n",
       "      <td>0.021929</td>\n",
       "      <td>0.015697</td>\n",
       "    </tr>\n",
       "    <tr>\n",
       "      <th>resource</th>\n",
       "      <td>0.058421</td>\n",
       "      <td>0.209209</td>\n",
       "      <td>0.043170</td>\n",
       "      <td>0.177076</td>\n",
       "      <td>0.078753</td>\n",
       "      <td>0.292268</td>\n",
       "      <td>0.008098</td>\n",
       "      <td>0.203773</td>\n",
       "      <td>0.129610</td>\n",
       "      <td>0.087434</td>\n",
       "      <td>0.083548</td>\n",
       "      <td>0.094045</td>\n",
       "      <td>0.076483</td>\n",
       "      <td>0.173953</td>\n",
       "      <td>0.002046</td>\n",
       "      <td>1.000000</td>\n",
       "      <td>0.023989</td>\n",
       "      <td>0.342548</td>\n",
       "      <td>0.216301</td>\n",
       "    </tr>\n",
       "    <tr>\n",
       "      <th>sharedsubpage</th>\n",
       "      <td>-0.014368</td>\n",
       "      <td>-0.014564</td>\n",
       "      <td>-0.012360</td>\n",
       "      <td>0.098426</td>\n",
       "      <td>0.000154</td>\n",
       "      <td>0.044241</td>\n",
       "      <td>-0.012420</td>\n",
       "      <td>-0.014846</td>\n",
       "      <td>-0.030819</td>\n",
       "      <td>-0.001436</td>\n",
       "      <td>-0.019566</td>\n",
       "      <td>-0.021581</td>\n",
       "      <td>-0.017627</td>\n",
       "      <td>-0.016335</td>\n",
       "      <td>-0.000571</td>\n",
       "      <td>0.023989</td>\n",
       "      <td>1.000000</td>\n",
       "      <td>-0.001904</td>\n",
       "      <td>0.031105</td>\n",
       "    </tr>\n",
       "    <tr>\n",
       "      <th>subpage</th>\n",
       "      <td>0.370600</td>\n",
       "      <td>0.402280</td>\n",
       "      <td>0.308735</td>\n",
       "      <td>0.375550</td>\n",
       "      <td>0.151127</td>\n",
       "      <td>0.682273</td>\n",
       "      <td>0.254995</td>\n",
       "      <td>0.323239</td>\n",
       "      <td>0.605069</td>\n",
       "      <td>0.309847</td>\n",
       "      <td>0.222071</td>\n",
       "      <td>0.546357</td>\n",
       "      <td>0.516111</td>\n",
       "      <td>0.469019</td>\n",
       "      <td>0.021929</td>\n",
       "      <td>0.342548</td>\n",
       "      <td>-0.001904</td>\n",
       "      <td>1.000000</td>\n",
       "      <td>0.538951</td>\n",
       "    </tr>\n",
       "    <tr>\n",
       "      <th>url</th>\n",
       "      <td>0.230289</td>\n",
       "      <td>0.352577</td>\n",
       "      <td>0.095774</td>\n",
       "      <td>0.404031</td>\n",
       "      <td>0.132092</td>\n",
       "      <td>0.610523</td>\n",
       "      <td>0.090751</td>\n",
       "      <td>0.193159</td>\n",
       "      <td>0.352727</td>\n",
       "      <td>0.264952</td>\n",
       "      <td>0.435520</td>\n",
       "      <td>0.248512</td>\n",
       "      <td>0.237082</td>\n",
       "      <td>0.131825</td>\n",
       "      <td>0.015697</td>\n",
       "      <td>0.216301</td>\n",
       "      <td>0.031105</td>\n",
       "      <td>0.538951</td>\n",
       "      <td>1.000000</td>\n",
       "    </tr>\n",
       "  </tbody>\n",
       "</table>\n",
       "</div>"
      ],
      "text/plain": [
       "                dualpane  externalquiz    folder   forumng  glossary  \\\n",
       "dualpane        1.000000     -0.063711  0.277795  0.166344 -0.007104   \n",
       "externalquiz   -0.063711      1.000000 -0.054807  0.117913  0.143077   \n",
       "folder          0.277795     -0.054807  1.000000  0.084475 -0.006715   \n",
       "forumng         0.166344      0.117913  0.084475  1.000000  0.053276   \n",
       "glossary       -0.007104      0.143077 -0.006715  0.053276  1.000000   \n",
       "homepage        0.309164      0.244016  0.195242  0.737192  0.091269   \n",
       "htmlactivity    0.010325     -0.055072 -0.046738  0.083147 -0.011669   \n",
       "oucollaborate   0.021025      0.301327  0.050770  0.207212  0.090139   \n",
       "oucontent       0.518772     -0.067700  0.351322  0.261656 -0.002620   \n",
       "ouelluminate    0.245939      0.201289 -0.036176  0.116459  0.023932   \n",
       "ouwiki          0.194453      0.213265  0.008953  0.214977  0.049369   \n",
       "page            0.523307     -0.068145  0.393498  0.183242 -0.011327   \n",
       "questionnaire   0.559241     -0.078164  0.300689  0.206056 -0.003930   \n",
       "quiz            0.268406     -0.129782  0.314380  0.189367 -0.027192   \n",
       "repeatactivity  0.054947     -0.002530  0.005149  0.011006 -0.000363   \n",
       "resource        0.058421      0.209209  0.043170  0.177076  0.078753   \n",
       "sharedsubpage  -0.014368     -0.014564 -0.012360  0.098426  0.000154   \n",
       "subpage         0.370600      0.402280  0.308735  0.375550  0.151127   \n",
       "url             0.230289      0.352577  0.095774  0.404031  0.132092   \n",
       "\n",
       "                homepage  htmlactivity  oucollaborate  oucontent  \\\n",
       "dualpane        0.309164      0.010325       0.021025   0.518772   \n",
       "externalquiz    0.244016     -0.055072       0.301327  -0.067700   \n",
       "folder          0.195242     -0.046738       0.050770   0.351322   \n",
       "forumng         0.737192      0.083147       0.207212   0.261656   \n",
       "glossary        0.091269     -0.011669       0.090139  -0.002620   \n",
       "homepage        1.000000      0.171484       0.287351   0.555706   \n",
       "htmlactivity    0.171484      1.000000       0.095456   0.309361   \n",
       "oucollaborate   0.287351      0.095456       1.000000   0.141171   \n",
       "oucontent       0.555706      0.309361       0.141171   1.000000   \n",
       "ouelluminate    0.229211     -0.036351      -0.056081   0.194942   \n",
       "ouwiki          0.322141      0.008305       0.105488   0.266158   \n",
       "page            0.381133      0.144624       0.044707   0.628585   \n",
       "questionnaire   0.412228      0.304222       0.092693   0.714356   \n",
       "quiz            0.401823      0.221409       0.078818   0.482083   \n",
       "repeatactivity  0.019653     -0.000608       0.003927   0.015520   \n",
       "resource        0.292268      0.008098       0.203773   0.129610   \n",
       "sharedsubpage   0.044241     -0.012420      -0.014846  -0.030819   \n",
       "subpage         0.682273      0.254995       0.323239   0.605069   \n",
       "url             0.610523      0.090751       0.193159   0.352727   \n",
       "\n",
       "                ouelluminate    ouwiki      page  questionnaire      quiz  \\\n",
       "dualpane            0.245939  0.194453  0.523307       0.559241  0.268406   \n",
       "externalquiz        0.201289  0.213265 -0.068145      -0.078164 -0.129782   \n",
       "folder             -0.036176  0.008953  0.393498       0.300689  0.314380   \n",
       "forumng             0.116459  0.214977  0.183242       0.206056  0.189367   \n",
       "glossary            0.023932  0.049369 -0.011327      -0.003930 -0.027192   \n",
       "homepage            0.229211  0.322141  0.381133       0.412228  0.401823   \n",
       "htmlactivity       -0.036351  0.008305  0.144624       0.304222  0.221409   \n",
       "oucollaborate      -0.056081  0.105488  0.044707       0.092693  0.078818   \n",
       "oucontent           0.194942  0.266158  0.628585       0.714356  0.482083   \n",
       "ouelluminate        1.000000  0.097864  0.272032       0.219865  0.119613   \n",
       "ouwiki              0.097864  1.000000  0.070381       0.066764  0.001544   \n",
       "page                0.272032  0.070381  1.000000       0.654321  0.440925   \n",
       "questionnaire       0.219865  0.066764  0.654321       1.000000  0.400661   \n",
       "quiz                0.119613  0.001544  0.440925       0.400661  1.000000   \n",
       "repeatactivity     -0.001670 -0.000076  0.028869       0.008867  0.030992   \n",
       "resource            0.087434  0.083548  0.094045       0.076483  0.173953   \n",
       "sharedsubpage      -0.001436 -0.019566 -0.021581      -0.017627 -0.016335   \n",
       "subpage             0.309847  0.222071  0.546357       0.516111  0.469019   \n",
       "url                 0.264952  0.435520  0.248512       0.237082  0.131825   \n",
       "\n",
       "                repeatactivity  resource  sharedsubpage   subpage       url  \n",
       "dualpane              0.054947  0.058421      -0.014368  0.370600  0.230289  \n",
       "externalquiz         -0.002530  0.209209      -0.014564  0.402280  0.352577  \n",
       "folder                0.005149  0.043170      -0.012360  0.308735  0.095774  \n",
       "forumng               0.011006  0.177076       0.098426  0.375550  0.404031  \n",
       "glossary             -0.000363  0.078753       0.000154  0.151127  0.132092  \n",
       "homepage              0.019653  0.292268       0.044241  0.682273  0.610523  \n",
       "htmlactivity         -0.000608  0.008098      -0.012420  0.254995  0.090751  \n",
       "oucollaborate         0.003927  0.203773      -0.014846  0.323239  0.193159  \n",
       "oucontent             0.015520  0.129610      -0.030819  0.605069  0.352727  \n",
       "ouelluminate         -0.001670  0.087434      -0.001436  0.309847  0.264952  \n",
       "ouwiki               -0.000076  0.083548      -0.019566  0.222071  0.435520  \n",
       "page                  0.028869  0.094045      -0.021581  0.546357  0.248512  \n",
       "questionnaire         0.008867  0.076483      -0.017627  0.516111  0.237082  \n",
       "quiz                  0.030992  0.173953      -0.016335  0.469019  0.131825  \n",
       "repeatactivity        1.000000  0.002046      -0.000571  0.021929  0.015697  \n",
       "resource              0.002046  1.000000       0.023989  0.342548  0.216301  \n",
       "sharedsubpage        -0.000571  0.023989       1.000000 -0.001904  0.031105  \n",
       "subpage               0.021929  0.342548      -0.001904  1.000000  0.538951  \n",
       "url                   0.015697  0.216301       0.031105  0.538951  1.000000  "
      ]
     },
     "execution_count": 6,
     "metadata": {},
     "output_type": "execute_result"
    },
    {
     "data": {
